Epoch: 1000, eps: 0.06856184210733048, weights: [-0.4420529025913675, -0.11298945374900096, 0.3655687394846426, 0.9995009675521398, 0]
Epoch: 10000, eps: 0.03959936557937959, weights: [0.10793561859011509, -0.5856434352907579, -0.1946412767771485, 1.5692913545419112, 0]
