Epoch: 1000, p: 4, learning_rate: 0.5
eps = 0.012927517044039244
weights = [0.02084005049267555, -0.5123362015913534, -0.0718444615860789, 0.42629099292826356, 0.964092496242175]

Epoch: 1000, p: 2, learning_rate: 0.5
eps = 0.007938658031314876
weights = [0.007714883415771978, -1.0362063472361103, 1.9578732048728533]
